$ 1 0.000005 10.20027730826997 50 5 43 5e-11
f 528 368 528 272 41 1.5 100
r 464 272 464 368 0 10000
d 528 432 624 432 2 default
d 784 432 624 432 2 default
s 624 496 624 432 0 1 true
g 624 496 624 512 0 0
t 592 560 528 560 0 1 -37.63875980216192 0.32951969750372506 100 default
g 528 576 528 608 0 0
r 592 560 736 560 0 10000
r 784 432 912 432 0 10000
v 304 576 304 272 0 0 40 37.980000000000004 0 0 0.5
g 304 576 304 608 0 0
w 736 560 784 560 0
w 512 272 464 272 0
w 384 272 304 272 0
34 zener-3.3 1 1.7143528192810002e-7 0 2.0000000000000084 3.3 1
d 912 528 912 432 2 zener-3.3
r 912 272 912 336 0 1000
r 1072 272 1072 416 0 10
g 1072 416 1072 432 0 0
g 912 528 912 544 0 0
w 544 272 912 272 0
w 912 272 1072 272 0
w 784 432 784 560 0
s 912 336 912 432 0 1 false
w 528 368 464 368 0
O 784 432 816 400 1 1
p 384 368 384 272 1 0 1
w 464 368 384 368 0
w 384 272 464 272 0
O 304 272 336 240 1 1
r 528 368 528 432 0 47000
b 818 280 951 576 0
w 528 432 528 544 0
38 10 0 32 45 Voltage
