$ 1 0.000005 10.20027730826997 50 5 43 5e-11
r 512 304 512 480 0 470000
r 592 368 704 368 0 470000
c 592 432 592 544 0 1.0000000000000001e-7 0.01433180403197209 0.001
s 592 240 592 368 0 1 true
f 736 240 832 240 33 3 100
r 832 368 832 464 0 150000
t 544 528 512 528 0 1 -38.40977912965798 0.000005399746374632499 100 default
v 112 592 112 160 0 0 40 38.5 0 0 0.5
w 512 480 512 512 0
w 736 240 592 240 0
w 112 160 592 160 0
w 736 160 832 160 0
w 832 224 832 160 0
w 832 368 832 256 0
O 1120 368 1152 368 1 1
r 1120 512 1120 368 0 3
w 1120 368 992 368 0
g 112 592 112 624 0 0
p 736 160 736 240 1 0 1
w 736 160 592 160 0
r 592 240 592 160 0 56000
O 832 464 880 464 1 1
O 112 160 144 128 1 0
r 624 528 832 528 0 10000
d 704 432 592 432 2 default
t 864 544 832 544 0 1 -0.0000019622153720460188 0.0000032172760442339556 100 default
w 832 464 832 528 0
r 864 544 944 544 0 10000
s 384 336 432 336 0 1 true
w 592 368 592 432 0
w 704 432 704 368 0
r 704 368 832 368 0 10000
w 992 368 832 368 0
w 832 560 832 592 0
r 768 656 880 656 0 10000
v 1120 752 1120 656 0 0 40 12 0 0 0.5
g 1120 752 1120 768 0 0
w 624 656 624 528 0
s 960 656 1120 656 0 0 false
c 880 656 960 656 0 1.0000000000000001e-7 -11.999994765096456 0.001
r 960 656 960 736 0 100000
g 960 736 960 752 0 0
d 880 736 880 656 2 default
g 880 736 880 752 0 0
w 768 656 624 656 0
x 608 304 675 307 4 18 ON/OFF
x 394 320 429 323 4 18 OFF
x 1015 638 1122 641 4 18 charge\ssignal
x 840 486 888 489 4 18 sense
x 848 227 926 230 4 12 -20\s<\sVgs\s<\s20
x 846 452 884 455 4 12 V\s<\s3.3
r 224 368 224 288 0 100000
v 160 592 160 288 0 0 40 14 0 0 0.5
w 112 592 160 592 0
g 512 544 512 576 0 0
g 592 544 592 560 0 0
w 592 240 512 240 0
w 512 304 512 240 0
g 832 592 832 608 0 0
w 624 528 544 528 0
r 224 368 224 480 0 220000
d 224 480 512 480 2 default
f 288 368 336 368 33 3 100
w 160 288 224 288 0
w 224 288 288 288 0
w 336 288 336 352 0
w 336 384 352 384 0
O 352 384 384 352 1 1
p 288 288 288 368 1 0 1
w 288 288 336 288 0
w 288 368 224 368 0
r 384 384 432 384 0 10
g 432 400 432 416 0 0
w 432 400 432 384 0
w 384 384 352 384 0
x 392 285 448 288 4 18 ESP32
b 376 296 457 429 0
b 988 613 1147 797 0
w 384 384 384 336 0
w 944 544 944 336 0
w 944 336 432 336 0
c 944 544 1008 544 0 1.0000000000000001e-7 0.0000032172759503166276 0.001
g 1120 512 1120 528 0 0
g 1008 544 1008 560 0 0
o 9 64 0 4099 80 0.00009765625 0 2 9 3
38 7 0 32 45 Voltage
