$ 65 0.0000049999999999999996 10.20027730826997 50 5 43 5e-11
f 496 544 560 544 32 3 100
r 1216 208 1216 464 0 3
w 560 464 560 528 0
v 304 512 304 384 0 0 40 42 0 0 0.5
r 544 272 464 272 0 100000
t 464 272 432 272 0 -1 -0.5703588419617205 -0.6054790321172518 300 default
r 432 288 432 544 0 47000
r 432 544 432 640 0 10000
w 560 640 560 560 0
w 816 464 928 464 0
s 608 528 608 608 0 1 true
w 384 208 432 208 0
x 824 390 843 393 4 18 off
x 623 564 643 567 4 18 on
O 1152 208 1184 240 1 0
O 1152 464 1184 432 1 0
w 736 464 816 464 0
w 432 256 432 208 0
w 560 464 640 464 0
w 1152 208 1216 208 0
w 304 304 304 208 0
b 761 275 857 476 0
x 763 267 806 270 4 18 micro
s 1152 576 1248 576 0 1 false
v 1264 496 1264 560 0 0 40 6 0 0 0.5
w 1264 560 1264 576 0
w 1264 576 1248 576 0
b 1150 504 1294 593 0
x 1192 612 1253 615 4 18 charger
b 1148 193 1292 474 0
w 608 640 560 640 0
w 560 640 432 640 0
w 384 640 304 640 0
w 304 640 304 512 0
w 608 608 608 640 0
w 464 544 432 544 0
w 928 208 432 208 0
w 1216 464 1152 464 0
x 1238 216 1284 219 4 18 motor
O 752 384 720 352 1 1
w 736 576 1152 576 0
x 966 271 1050 274 4 18 DC/DC\s5V
r 816 304 816 368 0 47000
S 752 384 816 384 0 0 false 0 2
r 816 400 816 464 0 47000
t 688 384 640 384 0 1 0.5198520092837344 0.5770798970294531 100 default
w 688 464 640 464 0
w 640 272 608 272 0
w 928 304 816 304 0
c 736 688 736 576 0 1e-8 7.0910910246883105 0.001
w 1216 464 1264 464 0
g 928 464 928 512 0 0
r 640 400 640 464 0 3900
w 736 688 464 688 0
r 736 576 736 464 0 10000
w 1264 496 1264 464 0
w 464 544 464 688 0
c 384 208 384 640 0 0.000009999999999999999 40.64268002793128 0.001
w 384 208 304 208 0
w 384 640 432 640 0
r 304 304 304 384 0 0.1
w 640 272 640 368 0
34 zener-5 1 1.7143528192810002e-7 0 2.0000000000000084 5 1
z 928 464 928 304 2 zener-5
r 928 304 928 208 0 1000
b 898 226 962 475 0
w 720 384 752 384 0
w 736 464 720 464 0
d 688 464 688 384 2 default
r 608 272 608 528 0 2700
c 720 464 720 384 0 1e-9 -2.2958976020949695 0.001
w 544 272 560 272 0
w 560 272 608 272 0
w 496 544 464 544 0
d 1072 464 1072 208 2 default
w 1072 208 1152 208 0
w 1072 464 1152 464 0
w 688 384 720 384 0
w 720 464 688 464 0
c 1008 464 1008 208 0 0.000047 -40.60963774769103 0.001
w 928 208 1008 208 0
w 1008 208 1072 208 0
w 928 464 1008 464 0
w 1008 464 1072 464 0
o 47 64 0 4099 80 0.003125 0 2 47 3
38 3 0 34 42 Voltage
