$ 1 0.0000049999999999999996 10.20027730826997 50 5 43 5e-11
r 1216 256 1216 400 0 3
w 1152 144 928 144 0
v 336 464 336 144 0 0 40 42 0 0 0.5
w 848 464 928 464 0
w 656 304 752 304 0
s 496 240 592 240 0 1 true
g 928 528 928 544 0 0
w 336 144 400 144 0
x 775 350 794 353 4 18 off
O 1152 144 1184 176 1 0
O 1152 464 1184 432 1 0
w 816 464 848 464 0
w 1152 144 1216 144 0
b 752 49 864 410 0
207 752 304 784 304 4 ADC
x 764 75 807 78 4 18 micro
207 1152 576 1184 544 4 probe
s 1152 576 1248 576 0 1 false
v 1216 528 1264 528 0 0 40 12 0 0 0.5
w 1152 528 1216 528 0
w 928 496 928 464 0
w 1264 528 1264 576 0
w 1264 576 1248 576 0
w 1152 528 928 528 0
b 1150 504 1294 593 0
x 1192 612 1253 615 4 18 charger
207 1152 96 1184 80 4 CANH
w 1152 96 864 96 0
207 1152 112 1184 128 4 CANL
w 1152 112 864 112 0
w 1216 144 1216 256 0
w 1216 464 1216 400 0
w 928 496 928 528 0
b 1148 33 1292 410 0
w 1216 464 1152 464 0
x 1187 59 1233 62 4 18 motor
O 752 304 736 288 1 0
212 928 336 976 336 0 2 (a-b)/8
w 1024 400 1024 368 0
207 1024 336 1072 336 4 \p5
x 1013 358 1069 361 4 18 DC/DC
S 752 368 816 368 0 1 true 0 2
t 512 416 480 416 0 1 -41.999918656699116 0.000011457389628309313 100 default
f 480 304 480 144 41 1.5 100
r 400 304 480 304 0 150000
w 400 240 400 144 0
w 400 144 464 144 0
O 336 144 288 144 1 0
w 496 144 544 144 0
r 608 240 608 304 0 470000
t 704 368 656 368 0 1 -0.0000110363899103538 5.369649301696502e-13 100 default
w 608 576 608 416 0
w 608 304 656 304 0
w 656 304 656 352 0
w 656 144 928 144 0
r 704 368 752 368 0 10000
w 608 416 512 416 0
w 544 144 656 144 0
r 608 304 608 416 0 10000
r 608 576 688 576 0 10000
w 688 576 1152 576 0
x 531 220 551 223 4 18 on
w 816 464 816 384 0
r 480 304 480 368 0 680000
x 447 136 459 139 4 18 S
w 928 464 1024 464 0
w 1024 464 1152 464 0
w 400 240 400 304 0
w 496 240 400 240 0
w 592 240 608 240 0
w 480 368 480 400 0
w 336 464 480 464 0
w 480 464 480 432 0
w 480 464 656 464 0
w 656 464 816 464 0
w 656 384 656 464 0
w 928 144 928 336 0
w 928 368 928 400 0
w 928 400 1024 400 0
w 928 464 928 400 0
w 1024 336 1024 304 0
w 1024 304 816 304 0
w 816 304 816 352 0
r 656 144 656 304 0 220000
38 2 0 34 42 Voltage
